line
0 0 0 200 0 0
line
200 0 0 200 100 0
line
200 100 0 100 100 0
line
100 100 0 100 200 0
line
100 200 0 0 200 0
line
0 0 0 0 200 0
line
100 100 0 100 100 100
line
100 100 100 100 200 100
line
100 200 0 100 200 100
line
0 200 0 0 200 200
line
0 200 200 200 200 200
line
200 200 200 200 200 100
line
200 200 100 100 200 100
line
200 200 100 200 100 100
line
100 100 100 200 100 100
line
200 100 0 200 100 100
line
200 0 0 200 0 200
line
200 0 200 200 200 200
ident
apply
display
ident
rotate
z -30
rotate
y 30
apply
display
ident
move
100 200 0
apply
display
save
pic2.png
